4
6 10 310 7
1 70 2
2 100 3
3 20 7
4 90 4
5 20 3
6 10 1
1 2 3
1 5 2
2 3 4
2 4 2
3 6 3
4 5 3
4 6 5
5 6 317 6
1 10 10
2 30 9
3 1 1
4 3 6
5 2 4
1 2 3
1 3 2
1 4 2
2 3 1
3 5 3
4 5 4
6 10 310 7
1 70 2
2 100 3
3 70 20
4 20 4
5 20 3
6 10 1
1 2 3
1 5 2
2 3 4
2 4 2
3 6 3
4 5 3
4 6 5
15 50 1000 29
1 40 6
2 50 5
3 30 7
4 60 4
5 80 3
6 21 8
7 60 28
8 70 2
9 90 1
10 35 5
11 55 4
12 65 6
13 45 7
14 30 9
15 28 10
1 2 3
2 3 4
3 4 5
4 5 6
5 6 4
6 7 3
7 8 2
8 9 7
9 10 5
10 11 4
11 12 3
12 13 2
13 14 3
14 15 1
1 5 10
2 6 8
3 7 6
4 8 4
5 9 4
6 10 7
7 11 5
8 12 3
9 13 2
10 14 1
11 15 2
1 3 6
2 4 5
3 5 4
6 12 10
