2100 12 300 
4560 1 456 
2632 2 376 
5460 8 546 
5712 6 816 
6552 6 936 
6804 6 972 
3780 10 540 
7236 4 804 
4272 12 534 
3420 1 684 
5580 11 558 
4260 3 852 
2880 10 320 
4704 1 672 
2368 7 296 
2272 11 284 
1040 9 104 
1764 3 196 
5340 10 1068 
8544 7 1068 
4158 9 462 
5616 3 936 
3104 9 388 
1478 5 1 1 0 2 164 
3744 1 624 
3000 12 300 
6552 9 936 
5760 8 576 
1980 4 660 
5400 1 900 
7200 8 720 
2010 3 402 
10080 11 1008 
7308 1 1044 
4992 7 624 
9828 9 1092 
5400 4 540 
6720 6 840 
5460 7 546 
6240 1 624 
3900 11 390 
1590 10 318 
3240 9 648 
9360 7 936 
10800 6 1200 
6720 2 960 
3840 12 384 
4920 12 984 
3216 1 804 
2412 2 402 
4590 9 510 
2400 2 600 
960 1 120 
2604 4 372 
8748 4 972 
3216 3 402 
3024 11 336 
3408 5 426 
3402 1 486 
1917 5 213 
5940 9 1188 
1260 4 140 
11280 8 1128 
7308 2 1044 
5796 2 828 
11760 11 1176 
6840 10 1140 
1952 12 244 
2052 6 228 
2664 8 296 
1836 3 306 
7992 7 888 
5712 11 816 
11880 12 1188 
6132 1 876 
4968 11 828 
5664 9 708 
3024 9 1008 
4536 4 756 
1202 9 5 8 133 
3520 12 352 
2562 9 366 
6000 7 600 
4320 12 864 
3840 6 768 
2268 6 252 
1410 1 141 
6048 4 756 
2360 10 236 
4800 8 1200 
10152 3 1128 
11040 7 1104 
2592 3 288 
6480 6 648 
1100 9 110 
3720 5 372 
1960 2 280 
3480 4 696 
7560 5 840 
9000 1 900 
7488 2 936 
8640 6 960 
7392 10 924 
3264 6 408 
3360 12 672 
4158 8 462 
3528 11 392 
1932 5 276 
6240 11 624 
2496 9 312 
5076 10 564 
1890 10 189 
5220 4 1044 
11280 8 1128 
6588 12 732 
11160 7 1116 
3240 7 360 
4140 11 414 
2160 12 216 
6048 3 864 
6048 5 672 
2562 10 366 
9180 4 1020 
3792 11 474 
9600 3 1200 
6888 2 984 
1800 8 300 
4080 9 1020 
6336 1 792 
3680 9 368 
4464 8 558 
3276 12 546 
6528 10 816 
1170 1 195 
3120 11 624 
8040 8 804 
6360 11 636 
2496 7 312 
5040 11 840 
5400 10 600 
2226 3 318 
5040 12 504 
2160 8 432 
6768 5 1128 
3744 1 624 
3240 11 648 
10200 7 1020 
5184 6 576 
3744 8 624 
10584 9 1176 
6816 3 852 
3024 4 336 
9360 3 936 
4992 7 624 
9024 1 1128 
2184 3 273 
7800 12 780 
1988 6 284 
1710 3 171 
11640 2 1164 
4644 8 516 
8160 1 816 
11040 7 1104 
5472 5 684 
7308 11 1044 
7440 10 744 
3744 11 624 
3672 7 408 
2241 2 249 
3744 6 936 
7980 4 1140 
2400 3 300 
9720 3 1080 
5664 6 708 
3888 6 648 
2700 11 450 
9360 10 936 
2000 8 200 
3168 10 396 
7200 12 900 
3840 11 480 
2976 5 372 
2880 5 288 
7128 4 792 
3540 6 354 
5940 11 1188 
10044 6 1116 
7896 10 1128 
3504 1 438 
7200 10 900 
8400 12 1200 
3648 5 456 
5256 3 876 
2688 12 384 
7668 7 852 
3420 12 684 
7680 6 768 
3822 5 546 
7140 3 1020 
3800 11 380 
3280 8 328 
3180 6 318 
8640 9 960 
6132 1 876 
3186 4 354 
4806 12 534 
1890 2 210 
6240 3 780 
6552 3 1092 
2970 7 330 
5280 12 528 
3720 4 744 
3240 12 324 
4200 2 600 
1208 4 151 
11880 12 1188 
6624 7 828 
3078 10 342 
2832 9 708 
7344 4 816 
11760 2 1176 
4860 12 540 
10560 3 1056 
1890 5 270 
2320 2 232 
9288 11 1032 
5724 1 636 
2664 5 444 
2304 1 1152 
1456 4 208 
5760 2 1152 
4260 9 852 
3612 7 516 
2720 9 272 
3942 2 438 
7968 1 996 
4272 2 534 
4980 4 996 
3384 4 376 
4740 4 948 
2772 1 462 
2952 9 328 
4032 5 672 
4380 10 876 
5880 4 588 
2928 12 732 
1830 2 183 
4800 3 600 
5940 1 660 
3000 6 600 
8040 6 804 
5952 10 744 
6120 2 612 
6984 4 1164 
2016 8 252 
9960 10 996 
5040 3 840 
1944 12 243 
10920 12 1092 
3564 4 396 
2862 4 318 
7560 6 840 
3072 9 384 
8532 10 948 
5022 4 558 
6408 11 1068 
5964 7 852 
8400 11 840 
3276 8 1092 
1020 9 204 
2544 7 636 
2850 12 285 
7200 4 720 
6624 5 828 
2832 5 708 
4080 7 1020 
4536 4 756 
8316 8 1188 
1982 12 2 4 220 
6240 7 780 
6240 2 780 
9504 10 1188 
6360 4 636 
5280 6 1056 
1800 2 200 
3480 7 696 
4920 5 492 
8640 3 1080 
2544 3 318 
4320 1 1080 
4080 9 816 
3360 4 420 
3792 8 474 
4482 9 498 
11520 11 1152 
6552 12 1092 
8424 8 936 
10692 12 1188 
6984 8 1164 
3504 8 438 
6264 3 1044 
7224 7 1032 
3120 11 312 
3600 7 720 
2484 6 414 
2646 6 378 
6768 7 1128 
4200 5 420 
4680 12 780 
5700 3 1140 
1260 8 180 
3720 12 744 
1920 9 240 
2400 9 300 
3744 3 624 
2412 5 804 
4806 1 534 
4788 6 684 
4608 8 768 
3132 1 348 
4512 2 564 
2112 8 528 
10476 12 1164 
4212 9 468 
3240 11 324 
2214 7 246 
5760 5 1152 
5520 9 1104 
3120 9 312 
3096 2 344 
7800 12 780 
3040 6 304 
5130 12 570 
6888 10 984 
10800 5 1200 
6984 10 1164 
3024 12 1008 
9216 10 1152 
4788 6 684 
5940 6 1188 
9360 10 936 
8232 9 1176 
8424 9 936 
3320 11 332 
2880 4 360 
2688 1 384 
2190 12 219 
2160 5 216 
2916 3 324 
9072 5 1008 
3480 3 348 
4128 4 1032 
7440 7 744 
1944 7 324 
1740 12 348 
5328 8 888 
11280 4 1128 
2352 8 336 
6264 1 696 
4104 8 684 
1056 7 264 
3456 10 1152 
6552 7 1092 
8520 7 852 
1992 2 249 
4536 5 504 
5820 6 1164 
1608 11 402 
8760 11 876 
3132 1 348 
8880 5 888 
4176 8 1044 
2528 12 316 
2565 6 285 
6156 4 684 
11160 6 1116 
8640 10 864 
10044 1 1116 
2880 2 288 
3384 12 376 
3800 4 380 
5472 8 912 
3780 3 756 
2565 12 285 
2820 7 282 
12000 1 1200 
5088 8 636 
4080 4 408 
3744 12 936 
5472 7 684 
3120 10 624 
1596 10 228 
3552 10 888 
7104 4 888 
2832 2 354 
5832 3 972 
1988 1 284 
1820 12 182 
8400 2 840 
8160 3 816 
4464 1 1116 
2430 2 270 
1650 12 165 
6720 9 672 
1656 4 184 
2496 3 624 
6480 12 720 
2052 7 684 
5832 1 972 
10476 2 1164 
2944 7 368 
3312 6 828 
2736 12 912 
8256 10 1032 
2208 2 368 
4872 9 696 
5472 7 684 
4212 1 468 
7440 10 744 
6720 10 840 
2190 1 219 
3696 6 462 
2124 12 354 
9240 4 924 
2600 4 260 
7584 10 948 
1944 11 324 
3660 8 366 
6336 10 792 
2100 11 300 
4074 9 582 
2520 4 252 
4752 3 792 
7440 9 744 
7296 9 912 
1872 5 624 
7812 1 1116 
5460 7 780 
4788 2 684 
3276 12 546 
8148 4 1164 
7320 9 732 
3648 9 456 
7056 10 1176 
4080 9 816 
5820 8 582 
1854 11 1 10 0 12 0 8 205 
10800 5 1080 
1890 5 270 
9312 7 1164 
4440 12 888 
5616 7 624 
6912 8 864 
3360 3 336 
3996 9 444 
6000 3 1200 
3264 8 816 
10560 2 1056 
4896 8 816 
8532 8 948 
1740 9 174 
2376 3 792 
2916 11 324 
7584 4 948 
2680 12 268 
6480 2 720 
8640 4 864 
11280 9 1128 
4320 5 432 
2752 1 344 
6552 6 936 
1296 5 324 
6048 6 756 
11520 5 1152 
10200 10 1020 
6192 2 1032 
4482 7 498 
1950 12 390 
7392 9 924 
3216 10 804 
3660 5 732 
3780 3 540 
7320 1 732 
6300 10 900 
5832 6 648 
4536 8 504 
7980 3 1140 
10152 8 1128 
2142 10 306 
3276 8 546 
3456 9 864 
8232 7 1176 
1824 2 912 
3760 10 376 
3318 5 474 
2016 12 288 
2680 6 268 
6588 8 732 
4512 8 1128 
2412 3 268 
6636 11 948 
2604 1 372 
6336 2 1056 
3960 8 396 
11400 7 1140 
3660 4 732 
2100 7 420 
1830 2 366 
4512 2 1128 
8760 4 876 
10152 4 1128 
3840 12 960 
9120 6 912 
7728 9 1104 
2160 10 360 
5904 5 984 
4500 10 900 
3276 2 1092 
5820 7 582 
4800 2 1200 
6120 2 612 
7056 4 1176 
3320 6 332 
2436 2 348 
4266 6 474 
2640 12 528 
3648 2 456 
10152 8 1128 
7452 2 828 
2016 10 1008 
5580 10 1116 
6480 2 648 
1836 9 204 
3168 12 396 
2268 8 252 
5940 11 1188 
1888 9 236 
2241 10 249 
7776 9 972 
2832 9 354 
4968 5 552 
3456 10 432 
1440 12 720 
4512 3 1128 
11040 3 1104 
3072 10 384 
1872 10 208 
6408 4 1068 
6000 1 1200 
2850 3 285 
4320 6 480 
8352 3 1044 
2592 10 324 
7308 4 1044 
8400 12 840 
3180 11 636 
10476 4 1164 
1600 3 200 
11640 7 1164 
4440 1 888 
8316 6 924 
5088 1 636 
9840 10 984 
6600 2 660 
10152 11 1128 
5640 11 564 
9396 9 1044 
8256 7 1032 
2664 11 296 
2400 11 300 
6048 10 672 
8280 10 828 
3060 12 306 
3408 3 426 
2862 8 318 
10080 1 1008 
4704 11 588 
2660 3 380 
6816 5 852 
7056 12 1008 
3600 2 360 
2880 8 288 
1272 9 636 
7308 11 1044 
1944 12 972 
4968 12 828 
2664 1 888 
5124 8 732 
1800 6 200 
2496 8 312 
2200 8 220 
1560 5 156 
1296 6 324 
4980 9 996 
6480 10 648 
4968 8 552 
5940 5 660 
6120 2 612 
8880 7 888 
7980 1 1140 
3160 7 316 
6588 5 732 
8064 3 1008 
5088 11 636 
1152 5 128 
5040 4 840 
7440 3 744 
9120 12 1140 
3078 12 342 
6120 1 612 
1488 6 248 
2400 4 240 
2760 7 276 
4176 3 1044 
8880 10 888 
11520 9 1152 
9840 7 984 
4872 6 696 
7560 5 840 
7056 5 1008 
2538 9 282 
2550 5 255 
3648 8 456 
6912 7 768 
2484 10 276 
2128 7 304 
4464 12 558 
4704 6 672 
4032 10 576 
5400 8 900 
10368 11 1152 
4080 8 408 
10560 9 1056 
4416 1 1104 
1224 12 612 
5346 9 594 
3420 3 342 
3900 11 780 
5124 5 732 
9612 7 1068 
2484 12 414 
2268 10 378 
2688 2 336 
2376 9 264 
6048 8 672 
7200 7 1200 
6048 6 756 
7056 12 1008 
8928 6 1116 
2144 11 268 
2520 7 504 
1932 7 276 
3960 8 792 
9840 6 984 
3540 3 354 
2880 6 360 
2232 5 744 
1440 5 160 
3888 2 972 
11880 6 1188 
2394 11 342 
2850 3 570 
4698 9 522 
3744 12 624 
2160 3 360 
6696 10 744 
4320 5 432 
5208 1 744 
2016 3 224 
1836 7 612 
4200 9 840 
2400 9 600 
2844 1 316 
2352 8 392 
8400 10 840 
4620 9 924 
5832 4 972 
9120 4 1140 
1830 6 366 
5124 6 732 
8100 7 900 
6696 6 744 
5130 5 570 
2214 12 246 
2040 2 510 
3120 10 624 
5580 1 558 
6480 7 648 
10584 9 1176 
2988 4 498 
4680 1 936 
6480 4 720 
5472 4 912 
1500 8 150 
4806 1 534 
7104 6 888 
6588 5 732 
8400 8 840 
3834 8 426 
7560 10 1080 
9828 9 1092 
8856 10 984 
5460 11 780 
2600 7 260 
7344 3 816 
1512 1 216 
5544 7 792 
8760 9 876 
3300 6 660 
9216 11 1152 
1026 8 114 
5544 5 792 
1155 2 165 
7920 11 792 
5460 6 1092 
1632 7 408 
8064 5 1152 
2844 8 474 
8544 12 1068 
3840 3 384 
6984 11 1164 
4452 7 636 
9612 10 1068 
6336 2 792 
10920 1 1092 
6720 4 840 
2052 5 228 
1872 5 208 
5400 10 900 
1647 7 183 
4536 3 648 
2856 8 408 
7488 5 936 
1320 8 165 
2928 4 366 
1484 3 212 
4620 3 924 
3132 4 1044 
3780 12 378 
3648 12 912 
6048 3 672 
5940 3 660 
5544 5 924 
5292 10 588 
2862 1 318 
5184 3 576 
5340 1 534 
3440 5 344 
7056 4 1008 
2680 6 268 
7980 3 1140 
1692 5 564 
2064 12 258 
4800 3 960 
12000 10 1200 
3822 5 546 
2190 12 219 
6720 7 672 
4452 9 636 
2142 5 306 
8640 4 1080 
2736 5 912 
7884 6 876 
9312 5 1164 
4452 7 636 
8832 8 1104 
2760 5 276 
4104 12 684 
3960 10 396 
2646 7 294 
3408 2 852 
11280 4 1128 
6048 4 672 
8424 1 936 
6636 3 948 
2232 6 248 
4752 6 528 
3960 12 396 
10800 12 1080 
3936 2 492 
1200 11 120 
4800 10 480 
3660 9 366 
9600 12 960 
3744 1 624 
1800 4 180 
5124 9 732 
7776 2 972 
1323 12 189 
4116 10 588 
4992 6 624 
4752 4 792 
7812 9 1116 
2604 6 372 
4536 7 756 
8064 4 1008 
3120 6 780 
8256 1 1032 
6804 8 756 
7992 4 888 
4968 3 828 
5292 5 756 
2772 10 308 
6336 6 1056 
2952 10 984 
7776 5 864 
4200 1 840 
2232 3 558 
3024 4 336 
2160 8 360 
1664 10 208 
5460 3 1092 
2988 9 332 
3600 6 720 
6336 10 792 
5220 8 1044 
1407 8 201 
4536 11 648 
4320 10 540 
3888 2 648 
2478 11 354 
1400 6 200 
2760 6 276 
7344 8 816 
3984 5 498 
3960 3 660 
2400 1 480 
6156 11 684 
2184 1 273 
2862 5 318 
2528 11 316 
5940 7 660 
11760 9 1176 
4080 5 408 
2448 7 612 
2196 5 366 
9072 12 1008 
7200 3 720 
2646 9 378 
7920 11 792 
2268 8 324 
2457 8 273 
3300 10 660 
4482 6 498 
1980 2 220 
7020 8 780 
1908 3 636 
6432 8 804 
4260 3 852 
6336 9 1056 
3408 7 852 
6336 6 1056 
4368 12 624 
2548 1 364 
2592 9 648 
3888 1 648 
3744 8 936 
11880 7 1188 
3294 1 366 
3600 9 360 
4704 12 672 
7644 10 1092 
3822 6 546 
5040 9 504 
7560 11 1080 
888 11 148 
1188 3 132 
4320 2 1080 
9720 8 972 
6480 7 648 
10152 4 1128 
5760 12 720 
1824 6 228 
11520 8 1152 
2010 4 201 
2646 8 378 
1836 8 306 
3888 11 432 
1960 10 280 
6588 3 732 
5472 11 684 
7920 9 792 
3600 8 360 
9408 12 1176 
2040 6 204 
8928 10 1116 
3888 9 972 
3456 9 1152 
1320 5 132 
3540 3 708 
11400 7 1140 
1360 11 272 
3660 12 732 
1800 7 900 
5976 10 996 
2160 9 360 
9840 2 984 
10200 3 1020 
7308 4 1044 
1440 3 360 
10476 9 1164 
2916 1 972 
5040 12 720 
2496 2 624 
9600 8 960 
3024 6 756 
4080 4 510 
6336 4 792 
5088 4 636 
6720 8 840 
6912 8 864 
1856 9 232 
1200 9 150 
7080 9 708 
8736 3 1092 
2256 10 282 
4800 4 600 
1701 4 189 
8160 5 1020 
3132 1 348 
8352 6 1044 
3216 6 402 
5544 6 924 
1980 5 220 
5940 1 594 
3654 11 522 
5724 10 636 
4860 12 486 
3168 2 1056 
2272 10 284 
8640 5 864 
4416 4 1104 
3744 2 936 
4260 11 426 
4620 10 462 
4320 11 480 
2496 11 312 
6372 4 708 
9840 7 984 
5940 1 660 
3680 5 368 
6840 4 1140 
2220 10 222 
9120 8 1140 
5292 10 756 
8040 4 804 
4860 4 540 
1836 7 204 
8040 6 804 
3132 2 348 
5964 8 852 
1908 8 636 
9720 11 972 
10080 9 1008 
7020 8 780 
3312 11 828 
3480 8 696 
7200 3 900 
10368 2 1152 
5940 11 1188 
3120 7 312 
8232 2 1176 
4968 7 828 
7728 10 1104 
4752 7 594 
1710 4 171 
6240 10 780 
2916 10 324 
3120 6 312 
2040 8 510 
7440 6 744 
2412 2 268 
2688 8 672 
8148 7 1164 
6840 9 684 
2808 11 936 
2484 2 276 
3060 2 340 
3240 8 324 
6336 2 792 
2052 5 342 
4500 5 900 
3936 10 984 
4920 2 492 
1026 8 114 
9216 7 1152 
6552 6 936 
3024 9 756 
9840 4 984 
3456 12 1152 
2496 7 312 
8148 3 1164 
9720 12 972 
1600 7 200 
6048 11 756 
7680 1 960 
3960 2 660 
4224 8 528 
8400 4 840 
5820 4 1164 
3204 8 356 
1120 10 112 
3240 12 360 
9504 9 1056 
6528 10 816 
10920 2 1092 
5292 1 756 
3942 6 438 
2916 12 324 
10692 11 1188 
4620 4 924 
5976 8 996 
6000 2 600 
2736 6 912 
1827 12 261 
3204 5 534 
9840 7 984 
7776 5 972 
8640 3 960 
2640 4 264 
4000 3 400 
6216 12 888 
7560 5 840 
5280 7 1056 
1304 8 163 
6120 8 612 
4272 1 534 
6912 11 864 
3600 9 600 
5040 2 504 
5130 8 570 
6984 12 1164 
9240 8 924 
9216 10 1152 
4260 6 852 
8880 11 888 
1281 9 183 
6192 8 1032 
9408 7 1176 
5880 9 840 
1360 10 340 
3280 2 328 
2100 1 420 
3840 2 384 
3132 1 348 
8400 10 1200 
6432 8 804 
8208 9 912 
5292 4 588 
2670 3 267 
10692 8 1188 
6216 5 888 
9072 4 1008 
8232 6 1176 
4368 8 624 
5760 2 576 
6888 2 984 
3672 4 408 
10920 1 1092 
2400 11 1200 
6372 7 708 
3024 7 504 
4740 3 948 
3312 3 552 
5952 4 744 
7320 2 732 
6804 11 972 
4680 2 468 
3276 3 468 
7320 10 732 
3480 3 348 
2844 7 316 
4080 3 408 
5520 11 552 
7884 4 876 
4968 4 828 
6600 11 660 
3480 9 348 
11400 4 1140 
2640 12 264 
1896 3 237 
2640 7 264 
5760 2 1152 
2480 10 248 
10200 6 1020 
1240 3 124 
2976 4 744 
5820 9 1164 
3504 12 438 
8400 3 840 
11520 10 1152 
1980 10 660 
3780 8 540 
3720 12 744 
8448 5 1056 
5856 8 732 
1980 5 220 
3348 8 1116 
4176 11 696 
3072 2 768 
3920 5 392 
2448 5 306 
6720 9 960 
9360 2 936 
6372 11 708 
4176 10 1044 
1320 3 165 
1650 4 330 
2130 8 213 
3600 7 360 
1593 7 177 
7776 11 864 
3240 12 648 
2016 9 224 
10200 10 1020 
2928 4 732 
3204 2 356 
7296 11 912 
9600 11 960 
4560 3 570 
4560 1 456 
3318 11 474 
7644 8 1092 
1548 11 258 
4704 2 672 
1824 12 456 
5796 10 828 
1740 8 348 
2673 2 297 
7980 5 1140 
3060 4 612 
7236 5 804 
5832 12 972 
1824 4 456 
3120 12 312 
6408 3 1068 
4320 11 540 
1944 10 324 
3348 4 372 
2124 7 236 
5040 11 840 
10152 2 1128 
8640 12 960 
3564 2 396 
3906 5 558 
4320 10 864 
2156 7 308 
7476 3 1068 
3204 4 356 
1464 6 366 
1112 4 139 
9180 5 1020 
4368 12 546 
4536 11 756 
2352 4 336 
3552 1 888 
5544 3 792 
2320 10 232 
990 10 110 
1908 7 318 
2880 8 360 
3672 7 612 
2340 7 780 
3024 9 336 
6048 2 756 
2025 9 225 
4824 7 804 
3540 7 708 
5124 4 732 
8640 9 1080 
4104 6 684 
5280 11 660 
2040 8 340 
3072 8 384 
6528 4 816 
3672 1 612 
3942 3 438 
2772 12 462 
3780 10 420 
4872 5 696 
5400 11 540 
8880 9 888 
3960 12 792 
3192 6 456 
2880 2 960 
2784 8 696 
6720 11 672 
2200 11 220 
3504 8 438 
6600 4 660 
8280 10 828 
1888 6 236 
3240 4 360 
8400 11 840 
8964 2 996 
4680 7 468 
9396 8 1044 
10800 12 1080 
6264 8 1044 
5280 3 1056 
6840 3 1140 
11520 5 1152 
1344 8 224 
4896 6 816 
2040 5 204 
3312 11 1104 
3384 6 1128 
8400 10 1200 
8400 12 840 
2928 8 732 
2520 8 420 
7440 12 744 
7008 1 876 
5328 6 888 
7296 9 912 
7080 9 708 
5340 6 1068 
4800 2 960 
6372 4 708 
6720 1 840 
3600 4 900 
6336 10 792 
1220 4 122 
4968 12 828 
8232 8 1176 
2464 10 352 
5820 10 582 
7488 8 936 
6192 11 1032 
4512 12 564 
7668 6 852 
4914 6 546 
6816 8 852 
4380 10 876 
3420 8 570 
6048 6 756 
5040 8 720 
5130 10 570 
2160 1 1080 
2856 6 408 
2448 4 306 
10152 1 1128 
9120 4 1140 
7812 2 1116 
4800 9 600 
4608 1 576 
4800 2 600 
1836 5 204 
7728 7 1104 
3600 10 600 
5472 8 912 
8064 9 1008 
10680 1 1068 
6816 11 852 
6048 3 864 
4896 7 612 
2256 6 1128 
3294 5 366 
8256 11 1032 
2664 4 296 
9120 8 912 
2592 10 648 
8400 11 1200 
5076 1 564 
2640 10 528 
1980 10 330 
8232 7 1176 
2544 8 636 
7668 10 852 
5292 5 588 
3822 5 546 
8736 4 1092 
3900 10 390 
3480 3 348 
2100 4 420 
2340 3 780 
8316 10 924 
2688 5 672 
6360 4 636 
4644 12 516 
2016 12 224 
1836 8 204 
10692 8 1188 
5460 6 780 
5220 3 1044 
4752 3 792 
2544 8 318 
11640 11 1164 
7008 4 876 
10680 6 1068 
11280 4 1128 
1944 3 216 
3618 9 402 
3312 12 1104 
8160 5 816 
7920 5 792 
6336 2 1056 
2268 10 756 
3420 4 684 
3960 1 660 
4800 6 1200 
11400 3 1140 
9600 11 1200 
3000 10 600 
6912 2 864 
5580 1 1116 
3072 11 384 
2880 12 288 
5376 3 768 
10680 3 1068 
6240 5 780 
900 1 100 
5580 8 558 
7584 2 948 
2880 6 720 
8232 7 1176 
5280 3 660 
2880 3 360 
3264 9 816 
6588 10 732 
3240 12 324 
7020 4 780 
3276 2 468 
5160 4 516 
1872 3 624 
6528 1 816 
5100 6 510 
3024 8 756 
7896 9 1128 
5964 10 852 
7776 12 864 
3024 1 336 
10584 5 1176 
4080 5 816 
6840 11 684 
7308 4 1044 
1988 8 284 
2760 1 276 
7452 8 828 
5022 2 558 
2196 9 366 
7560 4 756 
10260 5 1140 
2156 4 308 
1314 4 146 
3648 7 912 
1368 12 171 
3552 2 888 
2070 3 207 
2916 3 324 
4266 5 474 
3648 7 456 
4680 3 780 
2976 10 744 
4248 12 708 
8760 2 876 
3456 12 432 
3984 3 498 
10920 1 1092 
11880 3 1188 
2280 10 1140 
1896 2 316 
5112 12 852 
8316 6 924 
5376 9 672 
8736 8 1092 
9180 9 1020 
5400 9 540 
6384 11 912 
2982 5 426 
4464 5 744 
4284 11 612 
4872 11 696 
2184 12 364 
8856 6 984 
6048 1 756 
5328 4 888 
6156 11 684 
7308 11 1044 
7344 10 816 
1872 12 936 
1580 7 158 
3984 11 498 
7344 12 816 
5124 2 732 
2982 8 426 
4320 4 720 
8736 8 1092 
5940 12 660 
9180 3 1020 
2457 7 273 
5280 6 1056 
3480 11 348 
4260 5 852 
4104 6 456 
4416 3 1104 
2088 7 1044 
2700 10 300 
3276 10 364 
7308 8 1044 
3060 5 510 
4800 12 600 
3888 10 432 
5544 8 924 
5376 12 672 
3444 7 492 
4266 2 474 
9180 3 1020 
4608 12 768 
3168 9 528 
7884 6 876 
7980 5 1140 
5712 8 816 
4680 9 468 
4080 6 816 
7140 2 1020 
5130 8 570 
3552 3 444 
7680 5 768 
3066 12 438 
4896 11 816 
2880 3 360 
2304 4 256 
7104 3 888 
6432 1 804 
9408 1 1176 
4824 3 804 
2664 3 296 
6264 5 1044 
2142 4 306 
2640 10 264 
4260 3 852 
8400 7 840 
4872 9 696 
3360 9 840 
8280 12 828 
7680 7 960 
2656 11 332 
9240 3 924 
2688 7 336 
3024 8 336 
7008 12 876 
9000 1 900 
5100 5 510 
9504 3 1188 
5220 6 522 
8316 7 924 
6264 12 696 
4320 7 864 
4824 1 804 
2184 6 312 
10476 8 1164 
4320 8 864 
3486 9 498 
8520 2 852 
6804 10 972 
6408 12 1068 
8736 12 1092 
2736 8 912 
8400 9 1200 
10692 4 1188 
3024 4 336 
5040 11 504 
5544 4 924 
2241 11 249 
9240 11 924 
2268 2 252 
4020 12 804 
7980 10 1140 
9120 11 912 
4560 2 1140 
4200 9 600 
3720 10 372 
3240 12 360 
2196 2 244 
1220 9 122 
5112 4 852 
7680 1 960 
4536 10 504 
2052 3 684 
7728 10 1104 
7896 9 1128 
5724 9 636 
9720 1 972 
2304 11 288 
6264 3 696 
6240 9 624 
2478 10 354 
2072 4 296 
2910 9 582 
7320 5 732 
2970 8 330 
8532 10 948 
1680 11 168 
9828 8 1092 
7680 10 768 
3780 3 540 
3060 4 306 
6588 3 732 
6336 2 1056 
2280 11 228 
8448 10 1056 
4140 11 414 
5520 1 1104 
2970 9 330 
5280 11 1056 
7008 12 876 
4824 2 804 
9480 6 948 
7560 6 840 
6372 4 708 
2808 1 468 
4374 5 486 
2100 12 300 
4920 2 492 
2916 7 972 
2628 12 876 
10476 6 1164 
6432 6 804 
3120 3 780 
10584 1 1176 
3150 10 450 
8748 9 972 
4140 5 414 
3696 11 924 
6960 6 696 
1060 2 106 
9600 5 960 
2160 7 432 
5376 11 768 
4896 2 816 
2784 8 348 
6588 3 732 
1504 9 188 
3816 6 636 
7008 9 876 
4272 8 534 
1848 6 264 
2944 4 368 
3840 2 384 
2142 11 306 
2592 12 864 
6804 11 756 
2184 6 546 
8880 12 888 
5616 8 936 
2832 2 354 
8880 8 888 
8064 7 1008 
7128 3 792 
3360 8 480 
4020 12 402 
2340 6 780 
1900 5 190 
3720 3 372 
5472 10 684 
3040 6 304 
2044 6 292 
2460 1 246 
1800 2 300 
4200 1 420 
9120 12 1140 
8316 12 1188 
2664 12 888 
8040 12 804 
1620 6 324 
7872 6 984 
6960 3 696 
3864 5 552 
9120 9 1140 
3200 3 320 
6120 5 612 
2436 6 348 
4440 2 444 
2280 4 228 
4020 10 402 
5124 12 732 
3600 2 720 
2412 12 402 
9840 3 984 
3564 3 1188 
810 7 81 
7296 11 912 
5100 9 510 
3840 7 480 
6528 11 816 
3402 4 378 
11280 6 1128 
10584 11 1176 
6048 9 756 
9000 12 900 
3000 3 300 
2250 9 450 
2820 9 282 
6048 12 1008 
2736 5 912 
4074 6 582 
3402 1 486 
5640 5 1128 
3312 4 1104 
2048 1 256 
4320 3 432 
3504 9 876 
6432 6 804 
2412 8 268 
4860 12 972 
8448 4 1056 
11880 2 1188 
2100 10 420 
2844 1 316 
4560 7 912 
2304 1 288 
6240 3 780 
2916 5 486 
5544 4 792 
3880 10 388 
2520 6 420 
10200 5 1020 
8040 1 804 
6360 1 636 
11400 2 1140 
3360 6 672 
6240 11 624 
7560 8 756 
10152 5 1128 
5616 10 624 
3840 9 384 
3024 2 336 
5400 4 600 
5100 8 1020 
6912 1 1152 
4620 6 660 
3528 10 588 
6696 2 744 
2800 4 280 
2760 10 276 
4272 7 1068 
1823 11 1 7 0 1 182 
6264 6 696 
6840 4 684 
4806 5 534 
3600 1 360 
5040 8 720 
2862 6 318 
6624 9 828 
3648 1 912 
1944 11 216 
3402 11 378 
5292 11 756 
1704 12 852 
2480 9 248 
5400 2 540 
1484 9 2 1 0 6 148 
7980 2 1140 
3672 8 612 
3528 4 588 
3564 4 594 
6240 10 780 
6240 11 624 
7236 2 804 
8160 12 1020 
2322 3 258 
6300 3 900 
4032 5 1008 
5280 1 660 
4740 5 474 
5400 3 600 
2940 6 420 
4752 6 528 
3888 4 648 
3348 9 1116 
5400 8 1080 
5520 9 1104 
5760 4 576 
4074 1 582 
2184 8 273 
7056 4 1008 
2952 4 492 
9720 6 972 
8040 12 804 
6768 8 1128 
4200 11 600 
4020 7 402 
1904 9 272 
7728 6 1104 
10440 11 1044 
1596 2 228 
6480 8 648 
2592 2 648 
6000 7 1200 
2970 12 330 
7008 7 876 
5238 2 582 
7800 11 780 
9024 11 1128 
4968 6 552 
4896 5 816 
3696 5 924 
1780 2 356 
1700 1 170 
8640 6 1080 
4608 4 768 
3072 8 384 
6240 5 780 
2190 12 219 
6840 11 1140 
4896 4 816 
4368 4 624 
7104 12 888 
5760 6 1152 
2196 10 244 
4644 2 516 
7800 12 780 
3402 11 378 
5280 4 660 
3900 10 390 
6192 3 1032 
7644 5 1092 
4704 2 672 
4248 12 708 
4680 9 468 
4620 7 660 
5112 6 852 
3720 4 372 
4800 7 600 
10440 10 1044 
4860 8 972 
3822 10 546 
10584 12 1176 
3402 1 378 
4368 10 546 
9024 9 1128 
6600 3 660 
6240 12 780 
5580 11 558 
2436 10 348 
7200 1 1200 
2808 5 312 
4980 1 498 
8352 2 1044 
3486 3 498 
8928 1 1116 
8832 7 1104 
7344 9 816 
7920 3 792 
1416 3 354 
3744 8 936 
6000 10 600 
5664 11 708 
9600 7 1200 
5112 7 852 
10044 8 1116 
6144 8 768 
8856 5 984 
4032 11 576 
8520 11 852 
5076 12 564 
7980 3 1140 
3456 2 384 
4980 10 996 
2268 11 756 
9840 6 984 
2304 9 288 
9240 11 924 
3348 2 1116 
4266 5 474 
10680 12 1068 
9024 3 1128 
5292 5 756 
4980 4 996 
4320 2 720 
8964 1 996 
3104 10 388 
2592 7 432 
6132 10 876 
4740 3 948 
4284 5 612 
6912 1 1152 
5724 9 636 
9072 2 1008 
5544 6 924 
5472 7 684 
2520 1 252 
4320 12 864 
6144 7 768 
5184 5 648 
1632 1 204 
2928 2 366 
3456 7 864 
5952 4 744 
2368 10 296 
7680 10 960 
4896 7 612 
9612 1 1068 
5904 9 984 
7320 7 732 
3720 12 372 
7200 9 720 
2448 2 816 
3552 4 444 
5832 4 972 
8280 12 828 
4752 2 594 
6336 10 792 
4536 7 648 
1393 12 199 
4800 1 480 
1950 8 390 
2160 5 270 
9240 2 924 
3000 6 300 
4680 12 780 
7320 10 732 
4260 3 426 
8640 9 864 
5076 7 564 
5544 11 924 
4968 3 828 
2310 1 330 
1863 9 207 
6636 7 948 
2832 5 354 
9936 7 1104 
5640 6 1128 
6480 3 720 
3552 1 444 
11040 8 1104 
6840 9 1140 
2592 12 648 
4020 7 402 
3840 6 480 
3096 7 344 
8148 7 1164 
6336 2 792 
3960 2 792 
6480 1 720 
9072 10 1008 
3660 3 366 
6468 1 924 
8640 12 864 
2040 7 340 
3720 10 372 
3888 8 432 
8352 6 1044 
2376 1 396 
1484 6 212 
1896 10 237 
7728 6 1104 
3600 4 900 
2400 4 300 
6132 8 876 
2752 4 344 
1656 12 184 
4176 11 1044 
3096 4 344 
2448 5 612 
900 1 100 
3024 11 378 
7896 10 1128 
3168 4 792 
3240 7 324 
2256 10 564 
2856 7 408 
10680 10 1068 
2156 2 308 
3360 11 336 
8544 1 1068 
6300 4 900 
4680 5 780 
9120 1 1140 
7200 12 1200 
4740 12 474 
5664 11 708 
2088 10 522 
7008 6 876 
3696 7 528 
6636 5 948 
2360 11 236 
3906 3 558 
3618 10 402 
6480 3 720 
3960 3 660 
2085 4 3 2 207 
11520 12 1152 
6048 4 672 
3240 4 360 
2862 8 318 
4032 2 1008 
6600 6 660 
2760 1 276 
3564 11 1188 
4956 4 708 
9936 12 1104 
4698 5 522 
5760 1 960 
8280 9 828 
7104 7 888 
5088 9 636 
4260 2 426 
2752 8 344 
1584 9 264 
10440 12 1044 
3744 5 936 
4806 4 534 
2736 3 456 
3540 3 354 
2916 8 324 
5796 5 828 
6804 10 756 
2048 3 256 
2520 12 840 
1755 2 195 
1060 9 212 
4680 7 936 
4248 3 708 
8520 1 852 
9360 8 936 
3136 3 392 
7488 7 936 
8040 2 804 
3348 11 372 
4320 10 480 
8400 9 1200 
3654 6 522 
6912 10 864 
8148 5 1164 
2240 3 224 
2120 10 212 
2862 11 318 
1404 5 156 
10800 4 1080 
2592 1 324 
3996 12 444 
4860 8 972 
6156 6 684 
3744 10 468 
4320 4 480 
6636 5 948 
5700 8 570 
5940 8 1188 
6804 6 756 
10200 6 1020 
5256 3 876 
7344 4 816 
8760 7 876 
9600 4 960 
1440 8 160 
3420 2 342 
9360 7 936 
4620 11 462 
7128 12 792 
11040 7 1104 
7296 2 912 
8064 1 1152 
8448 10 1056 
6120 1 612 
2520 3 360 
7440 4 744 
9828 2 1092 
2268 11 324 
6840 10 684 
2628 4 292 
3360 11 672 
2250 9 225 
3540 5 708 
3180 9 636 
6552 1 936 
2982 8 426 
4416 6 552 
10200 12 1020 
4920 8 984 
8100 2 900 
6588 1 732 
4860 9 486 
2370 10 474 
4512 10 1128 
2784 2 696 
5952 11 744 
6696 8 744 
3648 9 912 
3900 8 390 
2656 1 332 
3840 2 768 
2646 11 378 
3990 8 570 
3834 2 426 
6720 1 672 
9024 12 1128 
1092 4 156 
4968 8 552 
8880 4 888 
2376 3 264 
3360 9 480 
3738 6 534 
6132 4 876 
4860 10 486 
1200 10 150 
11880 2 1188 
2440 8 244 
3024 11 336 
4284 3 612 
5112 12 852 
6696 4 744 
3600 1 900 
3960 10 660 
9408 11 1176 
4914 6 546 
5400 2 600 
3780 10 378 
1920 12 240 
6528 4 816 
5976 8 996 
1920 10 384 
6480 8 648 
1404 2 156 
5640 9 1128 
3180 6 318 
5616 5 936 
2640 12 660 
7728 4 1104 
4284 1 612 
1392 2 174 
3204 8 534 
11520 9 1152 
6480 5 648 
8256 9 1032 
5340 5 1068 
10152 11 1128 
7980 8 1140 
7680 9 768 
2928 7 732 
4608 12 576 
4806 4 534 
5796 9 828 
8448 11 1056 
5130 6 570 
6636 8 948 
3072 1 768 
7668 11 852 
1392 12 348 
3160 6 316 
2484 2 414 
3906 1 558 
7644 6 1092 
4116 8 588 
3840 3 960 
8532 8 948 
2898 6 414 
2736 5 342 
8640 12 864 
7668 2 852 
7560 11 756 
3792 7 474 
4698 9 522 
4560 6 570 
7020 4 780 
6804 10 972 
4800 8 600 
7392 9 1056 
2088 9 696 
5472 10 912 
2250 7 225 
3510 12 390 
2754 9 306 
2880 3 480 
1241 8 177 4 1 
4140 10 828 
4320 6 432 
5460 5 1092 
3024 12 756 
8520 7 852 
4704 4 672 
5940 4 594 
8064 3 1152 
2142 3 306 
1904 6 272 
4740 5 948 
7560 3 1080 
1575 6 225 
3132 2 348 
8640 7 864 
6432 12 804 
4158 8 462 
3528 8 504 
3528 11 392 
6120 8 612 
4482 5 498 
7992 10 888 
6480 12 720 
1472 12 184 
6588 2 732 
1872 7 208 
1386 7 198 
1320 10 132 
3300 6 660 
6696 1 744 
2268 3 378 
11880 12 1188 
3672 3 408 
4320 12 540 
2400 11 300 
4872 10 696 
2448 3 816 
4512 2 1128 
4860 2 486 
6192 7 1032 
4428 6 492 
7776 2 972 
2640 7 528 
4380 10 438 
9612 1 1068 
1472 7 184 
8316 5 924 
4260 10 852 
2862 1 318 
3936 2 984 
8544 10 1068 
3348 12 1116 
3186 3 354 
4872 10 696 
4800 2 600 
8928 12 1116 
10368 1 1152 
7020 11 780 
2754 1 306 
2840 12 284 
6600 6 660 
7056 4 1008 
5976 4 996 
4752 7 528 
4320 5 540 
6264 11 696 
3360 6 336 
7236 2 804 
9360 5 936 
3000 5 600 
1792 2 224 
2226 4 318 
4176 2 522 
5520 6 552 
4140 11 414 
4116 11 588 
8400 9 840 
5544 6 924 
1065 12 213 
2880 11 720 
4620 8 660 
10044 6 1116 
7452 11 828 
3072 4 768 
11400 10 1140 
5976 10 996 
3996 6 444 
3204 3 534 
10560 11 1056 
10320 12 1032 
9600 8 1200 
9312 6 1164 
9600 12 960 
1908 10 636 
4464 7 744 
10692 3 1188 
7560 9 756 
9312 4 1164 
10152 7 1128 
8208 7 912 
2160 12 240 
5904 7 984 
2160 6 240 
2628 10 438 
4536 6 648 
11640 9 1164 
4608 8 768 
3132 11 522 
4482 5 498 
8832 12 1104 
2268 8 252 
3960 12 792 
4800 9 600 
10260 12 1140 
4872 8 696 
4020 3 402 
10200 9 1020 
4000 12 400 
3312 11 552 
2646 11 294 
5580 7 1116 
3168 6 792 
8640 11 960 
6156 1 684 
12000 8 1200 
4872 2 696 
6216 4 888 
7200 11 900 
7056 12 1008 
5088 1 636 
3672 6 408 
10920 12 1092 
5460 8 780 
9120 11 1140 
2952 4 984 
10044 8 1116 
2880 1 720 
6588 11 732 
5376 1 672 
3996 6 444 
8040 1 804 
2100 8 210 
9408 12 1176 
3840 12 960 
4080 10 510 
1404 9 156 
4536 12 504 
7476 5 1068 
8040 3 804 
2940 8 588 
8520 4 852 
9504 5 1056 
7308 11 1044 
4140 6 828 
8640 10 864 
2160 10 360 
7128 7 792 
3648 11 456 
12000 2 1200 
7200 8 1200 
5760 3 960 
5076 4 564 
6720 2 672 
11400 2 1140 
9408 11 1176 
3504 12 876 
6336 10 792 
6408 7 1068 
5616 9 624 
5508 5 612 
1800 12 180 
4224 5 528 
8880 8 888 
10800 8 1200 
6912 3 864 
4464 5 744 
7140 5 1020 
3816 7 636 
2928 10 366 
7140 8 1020 
4656 4 1164 
2304 12 1152 
10368 3 1152 
4050 11 450 
9600 11 1200 
3060 5 306 
3984 1 996 
2700 10 300 
7776 1 972 
1120 5 112 
8280 11 828 
5280 4 528 
5520 9 552 
6840 2 684 
6264 6 696 
6300 3 900 
7452 7 828 
3300 1 330 
5400 5 1080 
8928 1 1116 
4860 11 540 
2688 8 672 
4500 3 450 
6960 4 696 
3880 9 388 
1800 5 300 
6384 7 912 
5640 4 1128 
6912 11 1152 
11040 11 1104 
4620 11 462 
3300 11 330 
832 8 104 
5292 9 588 
3552 8 888 
3024 5 432 
3840 3 768 
4980 5 498 
7968 10 996 
7728 2 1104 
2230 12 223 
2088 12 696 
8256 6 1032 
4464 10 744 
2324 10 332 
8316 3 924 
6384 2 912 
3480 6 696 
5280 12 660 
2400 2 480 
6432 11 804 
2528 10 316 
4032 7 672 
5616 6 624 
9504 2 1056 
2360 7 236 
11400 10 1140 
4176 6 1044 
4440 9 888 
3720 2 372 
1877 11 1 5 0 8 0 9 208 
3348 7 1116 
9936 7 1104 
6144 4 768 
1708 7 244 
3888 9 648 
928 6 116 
5568 9 696 
3040 5 304 
9120 5 1140 
5820 7 582 
4920 7 984 
3216 9 402 
1950 5 195 
6132 12 876 
3540 10 708 
5460 10 780 
11400 9 1140 
2700 7 540 
8148 1 1164 
4176 10 522 
6372 1 708 
2100 5 300 
6696 9 744 
4644 10 516 
8640 2 864 
1872 5 936 
7680 12 960 
7080 4 708 
6804 11 972 
11520 1 1152 
1760 4 176 
5400 7 900 
1360 4 340 
5256 3 876 
1593 4 177 
10368 10 1152 
4896 9 612 
4158 9 462 
3552 4 888 
3888 11 486 
5724 3 636 
3276 4 364 
8232 9 1176 
2880 4 288 
2484 3 276 
8040 11 804 
1224 4 153 
1944 3 216 
1664 6 208 
2784 6 348 
10152 3 1128 
2124 4 236 
3744 6 624 
4980 5 498 
3348 11 372 
5160 3 516 
9600 3 1200 
2880 8 720 
9180 7 1020 
2656 12 332 
8160 3 1020 
9720 10 972 
8232 10 1176 
3600 11 360 
4074 2 582 
5976 2 996 
11520 7 1152 
1440 8 4 12 0 11 0 3 156 
5040 3 840 
7308 10 1044 
4620 1 660 
5616 4 936 
2688 2 336 
2088 8 522 
6360 12 636 
9720 7 1080 
8400 5 1200 
4956 11 708 
3060 11 340 
2772 4 308 
4080 5 510 
6144 4 768 
3660 7 366 
11880 2 1188 
4752 7 528 
1644 11 164 
4920 12 984 
2464 6 308 
2187 7 243 
1650 2 330 
1632 10 204 
10368 9 1152 
4500 2 450 
9312 2 1164 
6912 11 768 
6264 10 696 
7440 11 744 
3552 8 444 
7560 6 840 
8280 7 828 
2952 8 492 
7584 3 948 
3510 1 390 
8064 3 1008 
8160 1 1020 
3216 7 804 
3480 12 348 
5040 9 504 
3160 8 316 
7800 4 780 
5640 2 1128 
3612 7 516 
6552 3 936 
5376 11 672 
7008 2 876 
3480 4 696 
5160 9 1032 
4260 6 426 
2016 11 336 
3528 3 588 
2916 2 972 
4560 3 570 
5616 11 624 
7884 6 876 
3540 2 708 
3408 11 852 
4992 1 624 
4032 2 576 
1755 7 195 
5856 12 732 
8736 10 1092 
6384 6 912 
3984 9 996 
2912 9 364 
7584 1 948 
11760 10 1176 
7680 9 960 
7896 2 1128 
3216 8 402 
9216 3 1152 
8640 6 864 
9312 10 1164 
3540 10 708 
1800 1 180 
1824 8 456 
6804 8 756 
5292 4 756 
5664 8 708 
2190 8 438 
3780 9 420 
2592 6 648 
2784 4 696 
3348 10 372 
10800 3 1080 
3444 6 492 
10584 11 1176 
5280 2 660 
2628 5 292 
2408 4 344 
7140 3 1020 
3888 10 432 
4800 5 600 
6144 11 768 
9072 5 1008 
1368 3 228 
2688 1 672 
2688 1 672 
7392 9 1056 
3300 9 660 
8640 5 960 
3744 6 936 
6480 7 720 
3780 8 378 
9720 6 1080 
4860 12 540 
1856 6 232 
5088 11 636 
6360 4 636 
2640 11 264 
6624 1 1104 
3080 4 308 
3192 11 456 
2520 11 360 
5112 3 852 
6264 12 696 
9720 11 972 
4272 9 1068 
3240 8 360 
2268 3 324 
7488 4 936 
8400 12 1200 
10920 8 1092 
3600 4 400 
5976 9 996 
4698 2 522 
10476 9 1164 
5400 3 600 
1580 1 316 
5292 2 756 
7584 10 948 
3420 1 570 
5220 2 1044 
4872 6 696 
3612 10 516 
7872 9 984 
10080 1 1008 
5100 9 510 
1332 6 444 
9120 3 1140 
10692 9 1188 
5832 1 972 
6468 4 924 
5820 3 1164 
8424 3 936 
4824 12 804 
5472 9 684 
5184 6 648 
2988 5 996 
3720 11 744 
8160 10 816 
2592 11 324 
2232 12 372 
2080 7 260 
9312 5 1164 
7200 8 720 
3840 6 384 
4032 10 504 
4176 7 522 
7560 3 756 
4224 10 528 
3984 5 498 
3312 4 368 
4980 8 996 
6384 10 912 
2436 2 348 
2800 5 280 
6156 4 684 
3360 12 420 
3888 11 486 
7488 10 936 
8160 5 1020 
2976 7 372 
3900 5 780 
3420 8 684 
3132 12 1044 
2952 9 492 
5544 9 924 
2100 2 210 
6048 5 672 
2808 10 936 
6384 5 912 
7104 7 888 
11760 10 1176 
7392 7 1056 
4032 9 672 
9840 12 984 
3240 11 360 
9000 10 900 
7812 10 1116 
5628 3 804 
3420 9 342 
2310 10 462 
1776 6 888 
5460 11 780 
3420 11 342 
9024 10 1128 
3216 9 804 
7080 12 708 
1494 7 2 1 212 
1248 7 208 
4116 11 588 
8544 11 1068 
9960 8 996 
8928 11 1116 
1200 11 200 
7584 1 948 
3200 9 400 
10440 9 1044 
5940 4 660 
3080 6 308 
6720 11 672 
10560 8 1056 
2400 6 240 
6336 2 1056 
5760 9 960 
2448 2 306 
4560 5 456 
6912 9 768 
8856 10 984 
1809 5 201 
10200 3 1020 
5628 5 804 
4896 11 612 
3816 11 636 
8856 7 984 
2736 11 342 
2898 1 414 
6000 10 600 
9360 9 936 
9024 10 1128 
2400 9 300 
3060 11 340 
3318 1 474 
8316 10 924 
1512 6 378 
1830 10 366 
8928 6 1116 
9960 9 996 
6696 7 1116 
7128 10 792 
4380 4 438 
3816 8 636 
2400 3 480 
3480 11 348 
2160 3 240 
8880 4 888 
1890 6 189 
5544 10 792 
2880 11 360 
11400 11 1140 
6480 9 720 
8400 10 1200 
3360 4 672 
3456 10 432 
2448 9 272 
5472 3 912 
5796 9 828 
6768 6 1128 
5760 9 576 
5940 12 660 
5544 8 924 
8400 11 840 
6912 11 864 
5400 12 900 
3384 4 564 
4320 7 1080 
6120 9 1020 
11040 3 1104 
3024 10 336 
6048 2 864 
5460 11 546 
9720 3 972 
7236 3 804 
3640 12 364 
3540 1 708 
2862 3 318 
3180 2 318 
4800 3 960 
2640 8 330 
7128 7 792 
2736 2 342 
2840 9 284 
7812 4 1116 
5472 7 684 
6264 3 696 
2730 8 390 
4074 9 582 
4104 4 456 
2760 3 276 
2052 1 342 
5940 8 1188 
1377 8 153 
7884 8 876 
5832 2 648 
6048 4 1008 
5712 10 816 
8748 7 972 
8100 11 900 
3402 7 486 
5472 11 684 
5760 9 960 
6888 2 984 
2208 3 276 
1680 11 336 
7200 2 1200 
5628 3 804 
3780 5 378 
6720 7 672 
5904 6 984 
9120 9 912 
9840 8 984 
6468 5 924 
8964 7 996 
2184 12 312 
2844 1 474 
8640 5 864 
5760 12 576 
5220 11 1044 
3168 4 396 
5400 2 900 
3840 2 384 
5076 4 564 
4980 9 996 
8400 8 1200 
4080 4 510 
3060 2 340 
3492 5 388 
10560 2 1056 
2976 4 372 
2520 3 360 
3560 1 356 
3348 2 372 
1392 12 232 
4464 11 558 
1372 1 196 
2490 11 498 
3612 5 516 
1144 8 127 3 1 
4320 11 432 
8640 2 1080 
10800 7 1200 
2100 6 300 
6408 1 1068 
4800 9 600 
9120 9 1140 
5712 2 816 
3360 2 672 
4116 6 588 
8832 7 1104 
7680 4 960 
3000 8 300 
7896 5 1128 
3920 7 392 
8532 2 948 
2340 6 234 
3780 1 540 
5376 6 768 
3264 1 816 
4896 3 612 
4752 2 1188 
1608 11 201 
7296 5 912 
3900 5 780 
7992 4 888 
1404 5 156 
6840 9 1140 
2052 3 684 
9720 2 1080 
11040 8 1104 
3696 4 528 
9720 1 1080 
3384 12 564 
1980 7 330 
2862 3 318 
3168 5 396 
4620 10 924 
6696 10 744 
3360 7 420 
7392 1 924 
7680 10 960 
3552 1 444 
1344 4 192 
2133 12 237 
9072 10 1008 
5700 11 570 
2560 4 256 
4512 12 1128 
2736 1 684 
8640 8 864 
4500 6 900 
3600 2 600 
8532 2 948 
4440 1 444 
3564 6 594 
7104 4 888 
9720 7 1080 
12000 7 1200 
7320 6 732 
2736 6 456 
4968 1 828 
2736 10 684 
5460 3 1092 
6720 2 840 
6156 8 684 
6840 3 684 
9240 10 924 
6912 4 1152 
4788 6 684 
1416 12 236 
5256 9 876 
9504 6 1056 
2304 11 256 
5460 12 1092 
2214 12 246 
3040 9 380 
8160 10 816 
6156 3 684 
2100 3 420 
2856 3 408 
2220 5 444 
4080 2 510 
4260 11 426 
4428 4 492 
6216 6 888 
1792 4 224 
11520 5 1152 
5460 12 780 
4464 12 1116 
6216 10 888 
4620 7 462 
4080 2 1020 
6600 1 660 
4452 11 636 
4224 6 528 
5664 4 708 
4200 12 600 
3204 7 534 
3312 10 828 
2790 9 558 
4536 12 756 
2040 3 204 
7560 2 840 
2016 6 200 
10560 9 1056 
6840 4 684 
4224 3 1056 
1494 5 1 
10080 10 1008 
6000 5 600 
6624 4 1104 
2280 12 285 
4740 9 948 
4800 6 600 
4920 11 492 
7680 5 768 
10584 2 1176 
8760 11 876 
4704 3 588 
6600 10 660 
7560 6 756 
10200 5 1020 
3984 6 996 
2544 3 636 
2320 12 232 
3864 6 552 
9396 9 1044 
5088 2 636 
2916 4 324 
7968 8 996 
5460 9 1092 
960 9 120 
3780 10 378 
7800 10 780 
4620 4 462 
4284 3 612 
6048 7 1008 
3864 9 552 
1746 6 194 
3360 7 336 
3294 2 366 
8064 5 1008 
2496 1 312 
8160 4 1020 
1560 7 156 
2844 12 948 
3280 4 328 
2184 10 312 
4800 5 600 
4752 5 792 
7812 6 1116 
8424 10 936 
1604 10 2 
4224 7 1056 
5280 10 660 
3528 11 504 
4224 7 528 
5040 5 504 
5640 9 1128 
3318 12 474 
3840 2 768 
11280 8 1128 
3240 1 360 
3486 10 498 
5238 1 582 
6360 7 636 
8424 8 936 
9720 5 1080 
8160 5 1020 
5022 8 558 
7200 4 720 
11400 10 1140 
2520 10 840 
2880 7 480 
6912 1 1152 
8544 12 1068 
4956 6 708 
7452 9 828 
918 12 306 
8760 11 876 
5472 12 684 
9024 7 1128 
8448 11 1056 
2976 11 372 
1600 8 160 
1094 10 2 6 0 11 0 2 136 
2025 4 225 
7140 5 1020 
3120 12 624 
7308 11 1044 
3726 6 414 
4200 12 600 
2448 4 816 
5880 7 1176 
4590 8 510 
5880 12 1176 
3696 6 528 
3600 10 600 
4500 10 900 
2976 12 372 
2448 5 408 
3600 12 450 
5856 9 732 
2784 3 696 
2240 3 320 
1440 12 180 
4740 2 948 
2970 4 330 
11400 12 1140 
5724 4 636 
1368 12 228 
5100 10 510 
4806 10 534 
1800 2 200 
6120 4 1020 
2940 2 294 
1890 11 210 
2862 12 318 
3822 8 546 
7236 4 804 
5184 6 648 
3834 1 426 
8640 5 960 
7008 5 876 
4896 4 816 
4860 2 540 
7776 5 864 
4080 1 408 
2412 11 268 
3186 11 354 
3312 6 552 
2784 8 696 
7200 10 900 
8748 7 972 
3186 3 354 
6264 7 1044 
1728 11 216 
5688 6 948 
1080 5 216 
3510 2 390 
5880 9 840 
3900 7 390 
2628 4 292 
2496 3 624 
9480 12 948 
7056 9 1176 
3120 8 624 
3300 5 660 
4080 4 510 
6048 7 864 
9600 11 960 
2988 8 332 
2862 6 318 
3920 5 392 
2352 1 336 
5460 5 1092 
5100 5 510 
8640 9 864 
6048 4 672 
3384 4 376 
6804 3 756 
1980 11 660 
5376 4 672 
3744 7 624 
8964 8 996 
7668 12 852 
4464 8 744 
8280 7 828 
5940 8 594 
4860 4 972 
4392 4 732 
10260 10 1140 
1512 11 252 
4620 5 660 
4620 3 924 
2268 10 756 
1890 7 378 
6000 9 600 
11040 6 1104 
10680 2 1068 
3264 7 816 
9612 6 1068 
2376 4 264 
8640 10 960 
5940 9 594 
6048 9 864 
2268 3 756 
2844 2 316 
6984 6 1164 
1890 11 189 
4512 3 564 
6216 7 888 
5124 7 732 
3240 8 1080 
2370 10 474 
4200 11 600 
1827 5 261 
6336 11 792 
4860 4 972 
5088 9 636 
11880 5 1188 
3600 7 900 
2448 1 306 
6912 9 1152 
5130 6 570 
6000 6 1200 
8424 5 936 
8424 10 936 
5640 7 564 
11520 4 1152 
5280 10 660 
1872 9 234 
9360 3 936 
8208 2 912 
10920 7 1092 
7668 4 852 
2310 4 330 
6480 2 720 
5820 10 1164 
6804 5 972 
2760 9 276 
8280 8 828 
6588 6 732 
11880 8 1188 
5544 10 792 
2044 11 292 
8520 7 852 
4560 7 456 
4800 1 600 
8316 7 1188 
4896 5 816 
5616 5 936 
3888 1 972 
5160 10 516 
2190 11 219 
2736 8 912 
4260 8 426 
3504 4 876 
8064 5 1152 
2880 1 360 
4032 3 576 
4452 7 636 
9360 1 936 
3680 3 368 
5724 1 636 
3240 12 324 
3888 12 648 
3312 10 368 
3420 6 684 
6768 12 1128 
8064 9 1008 
2400 3 600 
4656 12 1164 
4560 9 912 
4788 11 684 
7056 3 1008 
3080 4 308 
6000 3 600 
2688 11 336 
4200 10 420 
7008 8 876 
3840 11 384 
8400 6 1200 
3360 3 420 
3312 8 414 
744 10 372 
6480 10 720 
8856 9 984 
5160 10 516 
3640 2 364 
3480 5 696 
6480 2 648 
4752 12 792 
9360 6 936 
10080 1 1008 
3822 12 546 
2340 3 468 
7452 11 828 
9720 5 1080 
4896 2 816 
5088 9 636 
7080 12 708 
6360 9 636 
2412 11 268 
11040 6 1104 
4896 4 612 
8100 10 900 
2624 10 328 
7128 5 1188 
8256 2 1032 
5400 11 600 
5940 1 594 
4896 9 612 
2670 9 267 
4896 2 612 
7200 11 720 
4074 2 582 
3168 10 792 
1480 9 148 
1660 9 332 
5820 3 1164 
6048 11 1008 
6216 4 888 
4896 3 612 
11400 8 1140 
6432 9 804 
3024 9 378 
7392 9 1056 
5832 4 972 
1770 6 177 
1120 4 224 
7296 5 912 
2016 8 672 
3384 6 376 
10800 8 1200 
3552 3 444 
2808 3 312 
4920 7 984 
810 11 90 
8280 1 828 
6480 5 648 
6696 5 744 
1611 9 201 2 1 
7728 5 1104 
6528 7 816 
4212 12 468 
6840 10 1140 
3600 9 360 
4032 10 672 
3888 7 648 
7980 8 1140 
3300 2 660 
1428 12 204 
5460 2 546 
2520 5 420 
3120 1 312 
7800 10 780 
4104 11 684 
4032 3 504 
7320 7 732 
2016 7 672 
8532 11 948 
1674 4 186 
4680 10 780 
5628 10 804 
2448 2 306 
6132 5 876 
1800 2 900 
7308 5 1044 
4368 6 546 
2928 9 732 
11880 2 1188 
7800 6 780 
2610 9 522 
4896 12 612 
1872 12 208 
8040 9 804 
4860 8 972 
2350 11 235 
7680 3 768 
3072 10 384 
3402 6 486 
3060 5 1020 
8400 5 840 
6768 8 1128 
4140 3 414 
10260 7 1140 
6552 10 936 
8064 7 1008 
1770 9 354 
11160 11 1116 
6816 12 852 
8064 10 1008 
2268 8 324 
6696 3 1116 
2376 11 594 
2700 10 300 
6840 3 684 
2492 3 356 
4284 2 612 
3384 2 1128 
4176 5 696 
3528 4 504 
3480 4 348 
11640 3 1164 
2928 9 732 
6336 9 792 
7560 7 840 
2448 2 612 
10800 5 1080 
8316 8 924 
3096 11 1032 
2160 12 270 
1560 10 390 
2190 2 438 
5400 3 1080 
1856 12 232 
6804 10 972 
3204 12 534 
4320 8 864 
7644 1 1092 
3552 4 444 
2080 6 208 
2360 8 236 
6048 12 672 
3168 10 396 
7320 1 732 
5400 11 540 
3840 12 480 
8148 4 1164 
2592 10 288 
7896 1 1128 
4680 12 936 
1580 12 316 
9360 10 936 
2496 11 624 
3600 9 360 
6264 4 1044 
4620 11 462 
1746 12 194 
8964 5 996 
7680 12 768 
2928 10 366 
9936 4 1104 
6000 2 600 
6468 11 924 
2016 1 224 
2484 6 828 
6636 1 948 
3720 10 372 
4320 8 432 
5700 5 570 
8520 4 852 
2016 6 336 
1800 8 225 
5040 5 840 
2772 3 396 
5508 7 612 
3024 9 378 
1224 8 204 
2520 6 360 
6336 2 792 
2256 10 1128 
9504 2 1188 
1747 11 194 3 1 
5376 4 768 
2940 4 294 
7